0.000000 1.000750
0.003000 1.000736
0.006000 1.000709
0.009000 1.000672
0.012000 1.000633
0.015000 1.000579
0.018000 1.000512
0.021000 1.000441
0.024000 1.000360
0.027000 1.000261
0.030000 1.000161
0.033000 1.000072
0.036000 0.999968
0.039000 0.999820
0.042000 0.999694
0.045000 0.999566
0.048000 0.999426
0.051000 0.999255
0.054000 0.999074
0.057000 0.998889
0.060000 0.998710
0.063000 0.998533
0.066000 0.998304
0.069000 0.998078
0.072000 0.997882
0.075000 0.997589
0.078000 0.997333
0.081000 0.997078
0.084000 0.996797
0.087000 0.996534
0.090000 0.996238
0.093000 0.995942
0.096000 0.995695
0.099000 0.995409
0.102000 0.995074
0.105000 0.994714
0.108000 0.994355
0.111000 0.994038
0.114000 0.993740
0.117000 0.993358
0.120000 0.993007
0.123000 0.992615
0.126000 0.992207
0.129000 0.991724
0.132000 0.991348
0.135000 0.990993
0.138000 0.990540
0.141000 0.990154
0.144000 0.989726
0.147000 0.989267
0.150000 0.988907
0.153000 0.988439
0.156000 0.988005
0.159000 0.987563
0.162000 0.987121
0.165000 0.986603
0.168000 0.986046
0.171000 0.985589
0.174000 0.985106
0.177000 0.984570
0.180000 0.984052
0.183000 0.983461
0.186000 0.982847
0.189000 0.982314
0.192000 0.981650
0.195000 0.981036
0.198000 0.980499
0.201000 0.979836
0.204000 0.979215
0.207000 0.978644
0.210000 0.978092
0.213000 0.977462
0.216000 0.976878
0.219000 0.976247
0.222000 0.975665
0.225000 0.975144
0.228000 0.974587
0.231000 0.973876
0.234000 0.973174
0.237000 0.972499
0.240000 0.971786
0.243000 0.971034
0.246000 0.970491
0.249000 0.969803
0.252000 0.969222
0.255000 0.968441
0.258000 0.967795
0.261000 0.967135
0.264000 0.966488
0.267000 0.965813
0.270000 0.965077
0.273000 0.964353
0.276000 0.963678
0.279000 0.962821
0.282000 0.962089
0.285000 0.961293
0.288000 0.960518
0.291000 0.959677
0.294000 0.958820
0.297000 0.957984
0.300000 0.957141
0.303000 0.956245
0.306000 0.955440
0.309000 0.954565
0.312000 0.953690
0.315000 0.952958
0.318000 0.952020
0.321000 0.951146
0.324000 0.950386
0.327000 0.949587
0.330000 0.948658
0.333000 0.947762
0.336000 0.946825
0.339000 0.945695
0.342000 0.944905
0.345000 0.944005
0.348000 0.943055
0.351000 0.942079
0.354000 0.941132
0.357000 0.940239
0.360000 0.939535
0.363000 0.938852
0.366000 0.937993
0.369000 0.937073
0.372000 0.936173
0.375000 0.935146
0.378000 0.934178
0.381000 0.933268
0.384000 0.932144
0.387000 0.931278
0.390000 0.930378
0.393000 0.929394
0.396000 0.928529
0.399000 0.927698
0.402000 0.926812
0.405000 0.925940
0.408000 0.924873
0.411000 0.923990
0.414000 0.922888
0.417000 0.921790
0.420000 0.920899
0.423000 0.919921
0.426000 0.919071
0.429000 0.918070
0.432000 0.917042
0.435000 0.916229
0.438000 0.915305
0.441000 0.914376
0.444000 0.913398
0.447000 0.912393
0.450000 0.911295
0.453000 0.910299
0.456000 0.909211
0.459000 0.908248
0.462000 0.907091
0.465000 0.906241
0.468000 0.905296
0.471000 0.904041
0.474000 0.903052
0.477000 0.902034
0.480000 0.900988
0.483000 0.899948
0.486000 0.899077
0.489000 0.898038
0.492000 0.897134
0.495000 0.896332
0.498000 0.895182
0.501000 0.894097
0.504000 0.893043
0.507000 0.892261
0.510000 0.891136
0.513000 0.890285
0.516000 0.889381
0.519000 0.888374
0.522000 0.887387
0.525000 0.886507
0.528000 0.885386
0.531000 0.884248
0.534000 0.883280
0.537000 0.882434
0.540000 0.881432
0.543000 0.880450
0.546000 0.879388
0.549000 0.878295
0.552000 0.877340
0.555000 0.876251
0.558000 0.875299
0.561000 0.874227
0.564000 0.873123
0.567000 0.872041
0.570000 0.871021
0.573000 0.869823
0.576000 0.868874
0.579000 0.867855
0.582000 0.866817
0.585000 0.865802
0.588000 0.864743
0.591000 0.863774
0.594000 0.862789
0.597000 0.861840
0.600000 0.860860
0.603000 0.859807
0.606000 0.858862
0.609000 0.857857
0.612000 0.856876
0.615000 0.856116
0.618000 0.855142
0.621000 0.854079
0.624000 0.853083
0.627000 0.852183
0.630000 0.851094
0.633000 0.849972
0.636000 0.848933
0.639000 0.847904
0.642000 0.846916
0.645000 0.845851
0.648000 0.844987
0.651000 0.843724
0.654000 0.843002
0.657000 0.841937
0.660000 0.840794
0.663000 0.839960
0.666000 0.839003
0.669000 0.838149
0.672000 0.837157
0.675000 0.835979
0.678000 0.834905
0.681000 0.834145
0.684000 0.833246
0.687000 0.832345
0.690000 0.831179
0.693000 0.830379
0.696000 0.829346
0.699000 0.828308
0.702000 0.827299
0.705000 0.826349
0.708000 0.825396
0.711000 0.824362
0.714000 0.823199
0.717000 0.822301
0.720000 0.821305
0.723000 0.820402
0.726000 0.819384
0.729000 0.818507
0.732000 0.817388
0.735000 0.816586
0.738000 0.815573
0.741000 0.814541
0.744000 0.813361
0.747000 0.812501
0.750000 0.811786
0.753000 0.810938
0.756000 0.810039
0.759000 0.809301
0.762000 0.808184
0.765000 0.807557
0.768000 0.806781
0.771000 0.805969
0.774000 0.804806
0.777000 0.803624
0.780000 0.802689
0.783000 0.801785
0.786000 0.800829
0.789000 0.799954
0.792000 0.798942
0.795000 0.798047
0.798000 0.797216
0.801000 0.796197
0.804000 0.795430
0.807000 0.794594
0.810000 0.793602
0.813000 0.792710
0.816000 0.791902
0.819000 0.790920
0.822000 0.790039
0.825000 0.789208
0.828000 0.788288
0.831000 0.787436
0.834000 0.786686
0.837000 0.785813
0.840000 0.785130
0.843000 0.784235
0.846000 0.783426
0.849000 0.782438
0.852000 0.781926
0.855000 0.781059
0.858000 0.780331
0.861000 0.779460
0.864000 0.778570
0.867000 0.777606
0.870000 0.776604
0.873000 0.775905
0.876000 0.775223
0.879000 0.774413
0.882000 0.773835
0.885000 0.772841
0.888000 0.772171
0.891000 0.771119
0.894000 0.770337
0.897000 0.769499
0.900000 0.768842
0.903000 0.768129
0.906000 0.767213
0.909000 0.766332
0.912000 0.765559
0.915000 0.764749
0.918000 0.764213
0.921000 0.763437
0.924000 0.762603
0.927000 0.761823
0.930000 0.761116
0.933000 0.760241
0.936000 0.759662
0.939000 0.759026
0.942000 0.758408
0.945000 0.757639
0.948000 0.756849
0.951000 0.756040
0.954000 0.755568
0.957000 0.754737
0.960000 0.753942
0.963000 0.752918
0.966000 0.752178
0.969000 0.751341
0.972000 0.750503
0.975000 0.749873
0.978000 0.748955
0.981000 0.748324
0.984000 0.747729
0.987000 0.747211
0.990000 0.746634
0.993000 0.746017
0.996000 0.745226
0.999000 0.744665
1.002000 0.744104
1.005000 0.743290
1.008000 0.742629
1.011000 0.742124
1.014000 0.741403
1.017000 0.740486
1.020000 0.739881
1.023000 0.739451
1.026000 0.738843
1.029000 0.738117
1.032000 0.737449
1.035000 0.736780
1.038000 0.736130
1.041000 0.735419
1.044000 0.734945
1.047000 0.734233
1.050000 0.733579
1.053000 0.732805
1.056000 0.732169
1.059000 0.731632
1.062000 0.730954
1.065000 0.730276
1.068000 0.729817
1.071000 0.729337
1.074000 0.728676
1.077000 0.728074
1.080000 0.727471
1.083000 0.726949
1.086000 0.726043
1.089000 0.725397
1.092000 0.724772
1.095000 0.724206
1.098000 0.723518
1.101000 0.722910
1.104000 0.722200
1.107000 0.721489
1.110000 0.720655
1.113000 0.720004
1.116000 0.719311
1.119000 0.718902
1.122000 0.718351
1.125000 0.717778
1.128000 0.717041
1.131000 0.716508
1.134000 0.715912
1.137000 0.715358
1.140000 0.714781
1.143000 0.714328
1.146000 0.713833
1.149000 0.713317
1.152000 0.712697
1.155000 0.711952
1.158000 0.711352
1.161000 0.710647
1.164000 0.710211
1.167000 0.709692
1.170000 0.709151
1.173000 0.708609
1.176000 0.708193
1.179000 0.707733
1.182000 0.707316
1.185000 0.706814
1.188000 0.706332
1.191000 0.705955
1.194000 0.705452
1.197000 0.704969
1.200000 0.704381
1.203000 0.703434
1.206000 0.703034
1.209000 0.702528
1.212000 0.702170
1.215000 0.701811
1.218000 0.701409
1.221000 0.700944
1.224000 0.700605
1.227000 0.700075
1.230000 0.699651
1.233000 0.699077
1.236000 0.698418
1.239000 0.698014
1.242000 0.697375
1.245000 0.696907
1.248000 0.696437
1.251000 0.695925
1.254000 0.695476
1.257000 0.695027
1.260000 0.694556
1.263000 0.694042
1.266000 0.693613
1.269000 0.693227
1.272000 0.692625
1.275000 0.692324
1.278000 0.691916
1.281000 0.691399
1.284000 0.690860
1.287000 0.690450
1.290000 0.689954
1.293000 0.689565
1.296000 0.689003
1.299000 0.688613
1.302000 0.688158
1.305000 0.687573
1.308000 0.687161
1.311000 0.686771
1.314000 0.686380
1.317000 0.686075
1.320000 0.685597
1.323000 0.684943
1.326000 0.684551
1.329000 0.684181
1.332000 0.683766
1.335000 0.683264
1.338000 0.682805
1.341000 0.682455
1.344000 0.682127
1.347000 0.681842
1.350000 0.681557
1.353000 0.681206
1.356000 0.680768
1.359000 0.680394
1.362000 0.680152
1.365000 0.679889
1.368000 0.679558
1.371000 0.679228
1.374000 0.678898
1.377000 0.678589
1.380000 0.678302
1.383000 0.677993
1.386000 0.677750
1.389000 0.677308
1.392000 0.677064
1.395000 0.676821
1.398000 0.676599
1.401000 0.676178
1.404000 0.675890
1.407000 0.675668
1.410000 0.675402
1.413000 0.675135
1.416000 0.674713
1.419000 0.674334
1.422000 0.674000
1.425000 0.673778
1.428000 0.673488
1.431000 0.673198
1.434000 0.672908
1.437000 0.672573
1.440000 0.672260
1.443000 0.671880
1.446000 0.671455
1.449000 0.671165
1.452000 0.670806
1.455000 0.670515
1.458000 0.670246
1.461000 0.669977
1.464000 0.669753
1.467000 0.669438
1.470000 0.669259
1.473000 0.668876
1.476000 0.668629
1.479000 0.668449
1.482000 0.668201
1.485000 0.668021
1.488000 0.667683
1.491000 0.667458
1.494000 0.667164
1.497000 0.666939
1.500000 0.666577
1.503000 0.666374
1.506000 0.666103
1.509000 0.665764
1.512000 0.665537
1.515000 0.665152
1.518000 0.664881
1.521000 0.664609
1.524000 0.664291
1.527000 0.663974
1.530000 0.663588
1.533000 0.663452
1.536000 0.663179
1.539000 0.662929
1.542000 0.662588
1.545000 0.662497
1.548000 0.662270
1.551000 0.662065
1.554000 0.661746
1.557000 0.661381
1.560000 0.661108
1.563000 0.660789
1.566000 0.660606
1.569000 0.660446
1.572000 0.660218
1.575000 0.659967
1.578000 0.659807
1.581000 0.659486
1.584000 0.659120
1.587000 0.658846
1.590000 0.658663
1.593000 0.658411
1.596000 0.658021
1.599000 0.657632
1.602000 0.657517
1.605000 0.657310
1.608000 0.657196
1.611000 0.656851
1.614000 0.656668
1.617000 0.656461
1.620000 0.656162
1.623000 0.655955
1.626000 0.655771
1.629000 0.655587
1.632000 0.655403
1.635000 0.655265
1.638000 0.655034
1.641000 0.654827
1.644000 0.654688
1.647000 0.654527
1.650000 0.654342
1.653000 0.654204
1.656000 0.653973
1.659000 0.653696
1.662000 0.653395
1.665000 0.653211
1.668000 0.653049
1.671000 0.652933
1.674000 0.652771
1.677000 0.652563
1.680000 0.652401
1.683000 0.652239
1.686000 0.652053
1.689000 0.651914
1.692000 0.651613
1.695000 0.651497
1.698000 0.651242
1.701000 0.651149
1.704000 0.651010
1.707000 0.650870
1.710000 0.650731
1.713000 0.650568
1.716000 0.650289
1.719000 0.650243
1.722000 0.650173
1.725000 0.650034
1.728000 0.649871
1.731000 0.649684
1.734000 0.649475
1.737000 0.649289
1.740000 0.649149
1.743000 0.649032
1.746000 0.648939
1.749000 0.648846
1.752000 0.648752
1.755000 0.648636
1.758000 0.648519
1.761000 0.648472
1.764000 0.648332
1.767000 0.648099
1.770000 0.647912
1.773000 0.647818
1.776000 0.647678
1.779000 0.647631
1.782000 0.647467
1.785000 0.647280
1.788000 0.647140
1.791000 0.646859
1.794000 0.646718
1.797000 0.646484
1.800000 0.646344
1.803000 0.646273
1.806000 0.646156
1.809000 0.646039
1.812000 0.646015
1.815000 0.645851
1.818000 0.645710
1.821000 0.645570
1.824000 0.645382
1.827000 0.645217
1.830000 0.645006
1.833000 0.644865
1.836000 0.644724
1.839000 0.644701
1.842000 0.644583
1.845000 0.644418
1.848000 0.644277
1.851000 0.644207
1.854000 0.643948
1.857000 0.643807
1.860000 0.643689
1.863000 0.643595
1.866000 0.643477
1.869000 0.643336
1.872000 0.643218
1.875000 0.643053
1.878000 0.642959
1.881000 0.642770
1.884000 0.642581
1.887000 0.642463
1.890000 0.642298
1.893000 0.642133
1.896000 0.642062
1.899000 0.642039
1.902000 0.641920
1.905000 0.641732
1.908000 0.641613
1.911000 0.641519
1.914000 0.641472
1.917000 0.641401
1.920000 0.641353
1.923000 0.641306
1.926000 0.641141
1.929000 0.641022
1.932000 0.640975
1.935000 0.640904
1.938000 0.640857
1.941000 0.640738
1.944000 0.640573
1.947000 0.640478
1.950000 0.640383
1.953000 0.640336
1.956000 0.640241
1.959000 0.640122
1.962000 0.640051
1.965000 0.640028
1.968000 0.639767
1.971000 0.639672
1.974000 0.639482
1.977000 0.639387
1.980000 0.639340
1.983000 0.639316
1.986000 0.639197
1.989000 0.639055
1.992000 0.638960
1.995000 0.638865
1.998000 0.638722
2.001000 0.638580
2.004000 0.638509
2.007000 0.638437
2.010000 0.638390
2.013000 0.638247
2.016000 0.638223
2.019000 0.638104
2.022000 0.637962
2.025000 0.637771
2.028000 0.637771
2.031000 0.637676
2.034000 0.637605
2.037000 0.637557
2.040000 0.637510
2.043000 0.637367
2.046000 0.637248
2.049000 0.637200
2.052000 0.637129
2.055000 0.637081
2.058000 0.637009
2.061000 0.636962
2.064000 0.636938
2.067000 0.636866
2.070000 0.636723
2.073000 0.636580
2.076000 0.636509
2.079000 0.636485
2.082000 0.636342
2.085000 0.636175
2.088000 0.636032
2.091000 0.635936
2.094000 0.635912
2.097000 0.635888
2.100000 0.635817
2.103000 0.635721
2.106000 0.635674
2.109000 0.635578
2.112000 0.635530
2.115000 0.635435
2.118000 0.635363
2.121000 0.635196
2.124000 0.635076
2.127000 0.635028
2.130000 0.634957
2.133000 0.634813
2.136000 0.634813
2.139000 0.634718
2.142000 0.634670
2.145000 0.634622
2.148000 0.634526
2.151000 0.634431
2.154000 0.634383
2.157000 0.634311
2.160000 0.634215
2.163000 0.634048
2.166000 0.633976
2.169000 0.633880
2.172000 0.633784
2.175000 0.633760
2.178000 0.633593
2.181000 0.633497
2.184000 0.633401
2.187000 0.633329
2.190000 0.633281
2.193000 0.633185
2.196000 0.633137
2.199000 0.633066
2.202000 0.633018
2.205000 0.632946
2.208000 0.632898
2.211000 0.632778
2.214000 0.632754
2.217000 0.632706
2.220000 0.632634
2.223000 0.632610
2.226000 0.632562
2.229000 0.632514
2.232000 0.632490
2.235000 0.632490
2.238000 0.632346
2.241000 0.632274
2.244000 0.632226
2.247000 0.632178
2.250000 0.632130
2.253000 0.632034
2.256000 0.631986
2.259000 0.631914
2.262000 0.631866
2.265000 0.631818
2.268000 0.631746
2.271000 0.631722
2.274000 0.631722
2.277000 0.631650
2.280000 0.631602
2.283000 0.631602
2.286000 0.631578
2.289000 0.631505
2.292000 0.631433
2.295000 0.631409
2.298000 0.631361
2.301000 0.631313
2.304000 0.631289
2.307000 0.631241
2.310000 0.631169
2.313000 0.631073
2.316000 0.631073
2.319000 0.630976
2.322000 0.630952
2.325000 0.630832
2.328000 0.630736
2.331000 0.630736
2.334000 0.630688
2.337000 0.630664
2.340000 0.630664
2.343000 0.630639
2.346000 0.630567
2.349000 0.630543
2.352000 0.630471
2.355000 0.630447
2.358000 0.630399
2.361000 0.630326
2.364000 0.630302
2.367000 0.630302
2.370000 0.630278
2.373000 0.630182
2.376000 0.630182
2.379000 0.630182
2.382000 0.630134
2.385000 0.630110
2.388000 0.630110
2.391000 0.630037
2.394000 0.629965
2.397000 0.629941
2.400000 0.629917
2.403000 0.629869
2.406000 0.629820
2.409000 0.629796
2.412000 0.629724
2.415000 0.629700
2.418000 0.629652
2.421000 0.629579
2.424000 0.629555
2.427000 0.629531
2.430000 0.629483
2.433000 0.629459
2.436000 0.629435
2.439000 0.629435
2.442000 0.629410
2.445000 0.629362
2.448000 0.629314
2.451000 0.629266
2.454000 0.629241
2.457000 0.629217
2.460000 0.629193
2.463000 0.629193
2.466000 0.629121
2.469000 0.629121
2.472000 0.629097
2.475000 0.629048
2.478000 0.629048
2.481000 0.629024
2.484000 0.629000
2.487000 0.629000
2.490000 0.628976
2.493000 0.628952
2.496000 0.628903
2.499000 0.628879
2.502000 0.628807
2.505000 0.628759
2.508000 0.628734
2.511000 0.628734
2.514000 0.628686
2.517000 0.628662
2.520000 0.628638
2.523000 0.628589
2.526000 0.628517
2.529000 0.628469
2.532000 0.628420
2.535000 0.628372
2.538000 0.628348
2.541000 0.628348
2.544000 0.628324
2.547000 0.628299
2.550000 0.628275
2.553000 0.628275
2.556000 0.628251
2.559000 0.628203
2.562000 0.628203
2.565000 0.628179
2.568000 0.628154
2.571000 0.628106
2.574000 0.628058
2.577000 0.628009
2.580000 0.627937
2.583000 0.627888
2.586000 0.627864
2.589000 0.627816
2.592000 0.627816
2.595000 0.627792
2.598000 0.627719
2.601000 0.627671
2.604000 0.627622
2.607000 0.627574
2.610000 0.627550
2.613000 0.627525
2.616000 0.627477
2.619000 0.627429
2.622000 0.627404
2.625000 0.627404
2.628000 0.627380
2.631000 0.627356
2.634000 0.627308
2.637000 0.627283
2.640000 0.627283
2.643000 0.627235
2.646000 0.627235
2.649000 0.627235
2.652000 0.627235
2.655000 0.627235
2.658000 0.627211
2.661000 0.627211
2.664000 0.627162
2.667000 0.627162
2.670000 0.627138
2.673000 0.627138
2.676000 0.627114
2.679000 0.627090
2.682000 0.627065
2.685000 0.627065
2.688000 0.627065
2.691000 0.627041
2.694000 0.626993
2.697000 0.626993
2.700000 0.626993
2.703000 0.626969
2.706000 0.626944
2.709000 0.626920
2.712000 0.626920
2.715000 0.626920
2.718000 0.626896
2.721000 0.626872
2.724000 0.626872
2.727000 0.626872
2.730000 0.626847
2.733000 0.626799
2.736000 0.626799
2.739000 0.626799
2.742000 0.626799
2.745000 0.626799
2.748000 0.626799
2.751000 0.626775
2.754000 0.626775
2.757000 0.626775
2.760000 0.626726
2.763000 0.626702
2.766000 0.626702
2.769000 0.626678
2.772000 0.626653
2.775000 0.626629
2.778000 0.626605
2.781000 0.626605
2.784000 0.626605
2.787000 0.626605
2.790000 0.626581
2.793000 0.626581
2.796000 0.626581
2.799000 0.626557
2.802000 0.626557
2.805000 0.626557
2.808000 0.626532
2.811000 0.626484
2.814000 0.626484
2.817000 0.626484
2.820000 0.626484
2.823000 0.626459
2.826000 0.626435
2.829000 0.626435
2.832000 0.626435
2.835000 0.626411
2.838000 0.626411
2.841000 0.626411
2.844000 0.626411
2.847000 0.626387
2.850000 0.626362
2.853000 0.626338
2.856000 0.626290
2.859000 0.626290
2.862000 0.626265
2.865000 0.626265
2.868000 0.626265
2.871000 0.626265
2.874000 0.626265
2.877000 0.626241
2.880000 0.626193
2.883000 0.626193
2.886000 0.626193
2.889000 0.626168
2.892000 0.626168
2.895000 0.626144
2.898000 0.626120
2.901000 0.626120
2.904000 0.626120
2.907000 0.626120
2.910000 0.626120
2.913000 0.626120
2.916000 0.626071
2.919000 0.626023
2.922000 0.626023
2.925000 0.625998
2.928000 0.625998
2.931000 0.625974
2.934000 0.625974
2.937000 0.625950
2.940000 0.625926
2.943000 0.625926
2.946000 0.625877
2.949000 0.625877
2.952000 0.625877
2.955000 0.625877
2.958000 0.625877
2.961000 0.625877
2.964000 0.625877
2.967000 0.625877
2.970000 0.625853
2.973000 0.625828
2.976000 0.625804
2.979000 0.625804
2.982000 0.625804
2.985000 0.625804
2.988000 0.625804
2.991000 0.625780
2.994000 0.625780
2.997000 0.625780
3.000000 0.625756
3.003000 0.625731
3.006000 0.625731
3.009000 0.625731
3.012000 0.625731
3.015000 0.625707
3.018000 0.625707
3.021000 0.625707
3.024000 0.625707
3.027000 0.625707
3.030000 0.625683
3.033000 0.625683
3.036000 0.625683
3.039000 0.625683
3.042000 0.625658
3.045000 0.625658
3.048000 0.625634
3.051000 0.625634
3.054000 0.625634
3.057000 0.625610
3.060000 0.625610
3.063000 0.625586
3.066000 0.625586
3.069000 0.625586
3.072000 0.625586
3.075000 0.625586
3.078000 0.625561
3.081000 0.625561
3.084000 0.625561
3.087000 0.625561
3.090000 0.625561
3.093000 0.625537
3.096000 0.625537
3.099000 0.625537
3.102000 0.625513
3.105000 0.625488
3.108000 0.625464
3.111000 0.625464
3.114000 0.625440
3.117000 0.625440
3.120000 0.625440
3.123000 0.625416
3.126000 0.625391
3.129000 0.625391
3.132000 0.625391
3.135000 0.625367
3.138000 0.625367
3.141000 0.625343
3.144000 0.625343
3.147000 0.625318
3.150000 0.625318
3.153000 0.625294
3.156000 0.625294
3.159000 0.625294
3.162000 0.625294
3.165000 0.625294
3.168000 0.625270
3.171000 0.625270
3.174000 0.625221
3.177000 0.625172
3.180000 0.625172
3.183000 0.625172
3.186000 0.625148
3.189000 0.625148
3.192000 0.625148
3.195000 0.625148
3.198000 0.625124
3.201000 0.625124
3.204000 0.625100
3.207000 0.625051
3.210000 0.625051
3.213000 0.625051
3.216000 0.625051
3.219000 0.625051
3.222000 0.625051
3.225000 0.625051
3.228000 0.625027
3.231000 0.625002
3.234000 0.625002
3.237000 0.624978
3.240000 0.624978
3.243000 0.624978
3.246000 0.624954
3.249000 0.624929
3.252000 0.624929
3.255000 0.624929
3.258000 0.624929
3.261000 0.624929
3.264000 0.624929
3.267000 0.624929
3.270000 0.624929
3.273000 0.624905
3.276000 0.624905
3.279000 0.624905
3.282000 0.624905
3.285000 0.624905
3.288000 0.624905
3.291000 0.624881
3.294000 0.624881
3.297000 0.624881
3.300000 0.624881
3.303000 0.624881
3.306000 0.624856
3.309000 0.624856
3.312000 0.624832
3.315000 0.624808
3.318000 0.624783
3.321000 0.624783
3.324000 0.624759
3.327000 0.624735
3.330000 0.624735
3.333000 0.624735
3.336000 0.624735
3.339000 0.624735
3.342000 0.624710
3.345000 0.624710
3.348000 0.624686
3.351000 0.624686
3.354000 0.624686
3.357000 0.624686
3.360000 0.624686
3.363000 0.624686
3.366000 0.624686
3.369000 0.624686
3.372000 0.624686
3.375000 0.624686
3.378000 0.624686
3.381000 0.624686
3.384000 0.624686
3.387000 0.624686
3.390000 0.624662
3.393000 0.624662
3.396000 0.624662
3.399000 0.624662
3.402000 0.624662
3.405000 0.624638
3.408000 0.624613
3.411000 0.624589
3.414000 0.624589
3.417000 0.624589
3.420000 0.624589
3.423000 0.624589
3.426000 0.624589
3.429000 0.624589
3.432000 0.624589
3.435000 0.624589
3.438000 0.624589
3.441000 0.624589
3.444000 0.624589
3.447000 0.624589
3.450000 0.624589
3.453000 0.624589
3.456000 0.624589
3.459000 0.624565
3.462000 0.624565
3.465000 0.624565
3.468000 0.624565
3.471000 0.624565
3.474000 0.624565
3.477000 0.624565
3.480000 0.624540
3.483000 0.624540
3.486000 0.624540
3.489000 0.624540
3.492000 0.624540
3.495000 0.624540
3.498000 0.624540
3.501000 0.624540
3.504000 0.624516
3.507000 0.624516
3.510000 0.624516
3.513000 0.624516
3.516000 0.624516
3.519000 0.624492
3.522000 0.624492
3.525000 0.624492
3.528000 0.624492
3.531000 0.624492
3.534000 0.624492
3.537000 0.624467
3.540000 0.624467
3.543000 0.624467
3.546000 0.624467
3.549000 0.624467
3.552000 0.624467
3.555000 0.624467
3.558000 0.624467
3.561000 0.624443
3.564000 0.624443
3.567000 0.624443
3.570000 0.624443
3.573000 0.624443
3.576000 0.624443
3.579000 0.624443
3.582000 0.624443
3.585000 0.624443
3.588000 0.624443
3.591000 0.624443
3.594000 0.624443
3.597000 0.624443
3.600000 0.624443
3.603000 0.624443
3.606000 0.624419
3.609000 0.624419
3.612000 0.624419
3.615000 0.624370
3.618000 0.624370
3.621000 0.624370
3.624000 0.624370
3.627000 0.624370
3.630000 0.624346
3.633000 0.624346
3.636000 0.624346
3.639000 0.624346
3.642000 0.624346
3.645000 0.624346
3.648000 0.624346
3.651000 0.624346
3.654000 0.624346
3.657000 0.624346
3.660000 0.624346
3.663000 0.624346
3.666000 0.624321
3.669000 0.624321
3.672000 0.624321
3.675000 0.624321
3.678000 0.624297
3.681000 0.624297
3.684000 0.624297
3.687000 0.624297
3.690000 0.624297
3.693000 0.624297
3.696000 0.624297
3.699000 0.624297
3.702000 0.624297
3.705000 0.624297
3.708000 0.624297
3.711000 0.624297
3.714000 0.624297
3.717000 0.624273
3.720000 0.624248
3.723000 0.624248
3.726000 0.624248
3.729000 0.624248
3.732000 0.624248
3.735000 0.624248
3.738000 0.624248
3.741000 0.624248
3.744000 0.624248
3.747000 0.624248
3.750000 0.624224
3.753000 0.624224
3.756000 0.624200
3.759000 0.624200
3.762000 0.624200
3.765000 0.624200
3.768000 0.624200
3.771000 0.624200
3.774000 0.624200
3.777000 0.624200
3.780000 0.624200
3.783000 0.624200
3.786000 0.624200
3.789000 0.624200
3.792000 0.624200
3.795000 0.624200
3.798000 0.624175
3.801000 0.624175
3.804000 0.624175
3.807000 0.624175
3.810000 0.624175
3.813000 0.624151
3.816000 0.624151
3.819000 0.624151
3.822000 0.624151
3.825000 0.624151
3.828000 0.624151
3.831000 0.624151
3.834000 0.624151
3.837000 0.624151
3.840000 0.624151
3.843000 0.624151
3.846000 0.624151
3.849000 0.624151
3.852000 0.624151
3.855000 0.624151
3.858000 0.624151
3.861000 0.624151
3.864000 0.624151
3.867000 0.624151
3.870000 0.624151
3.873000 0.624151
3.876000 0.624151
3.879000 0.624151
3.882000 0.624151
3.885000 0.624151
3.888000 0.624151
3.891000 0.624151
3.894000 0.624151
3.897000 0.624151
3.900000 0.624151
3.903000 0.624151
3.906000 0.624151
3.909000 0.624151
3.912000 0.624151
3.915000 0.624151
3.918000 0.624151
3.921000 0.624151
3.924000 0.624102
3.927000 0.624102
3.930000 0.624102
3.933000 0.624102
3.936000 0.624102
3.939000 0.624102
3.942000 0.624102
3.945000 0.624102
3.948000 0.624102
3.951000 0.624102
3.954000 0.624102
3.957000 0.624102
3.960000 0.624102
3.963000 0.624102
3.966000 0.624102
3.969000 0.624102
3.972000 0.624102
3.975000 0.624102
3.978000 0.624102
3.981000 0.624102
3.984000 0.624102
3.987000 0.624102
3.990000 0.624102
3.993000 0.624102
3.996000 0.624102
3.999000 0.624102
4.002000 0.624102
4.005000 0.624102
4.008000 0.624102
4.011000 0.624102
4.014000 0.624102
4.017000 0.624102
4.020000 0.624102
4.023000 0.624102
4.026000 0.624102
4.029000 0.624102
4.032000 0.624102
4.035000 0.624102
4.038000 0.624102
4.041000 0.624102
4.044000 0.624102
4.047000 0.624102
4.050000 0.624102
4.053000 0.624102
4.056000 0.624102
4.059000 0.624102
4.062000 0.624102
4.065000 0.624102
4.068000 0.624102
4.071000 0.624102
4.074000 0.624102
4.077000 0.624102
4.080000 0.624102
4.083000 0.624102
4.086000 0.624102
4.089000 0.624102
4.092000 0.624102
4.095000 0.624102
4.098000 0.624102
4.101000 0.624102
4.104000 0.624102
4.107000 0.624102
4.110000 0.624102
4.113000 0.624078
4.116000 0.624078
4.119000 0.624078
4.122000 0.624078
4.125000 0.624078
4.128000 0.624078
4.131000 0.624078
4.134000 0.624078
4.137000 0.624078
4.140000 0.624078
4.143000 0.624078
4.146000 0.624078
4.149000 0.624078
4.152000 0.624078
4.155000 0.624078
4.158000 0.624078
4.161000 0.624078
4.164000 0.624078
4.167000 0.624078
4.170000 0.624078
4.173000 0.624078
4.176000 0.624078
4.179000 0.624078
4.182000 0.624078
4.185000 0.624078
4.188000 0.624078
4.191000 0.624078
4.194000 0.624078
4.197000 0.624078
4.200000 0.624078
4.203000 0.624053
4.206000 0.624053
4.209000 0.624053
4.212000 0.624053
4.215000 0.624053
4.218000 0.624053
4.221000 0.624053
4.224000 0.624053
4.227000 0.624053
4.230000 0.624053
4.233000 0.624053
4.236000 0.624053
4.239000 0.624053
4.242000 0.624053
4.245000 0.624053
4.248000 0.624053
4.251000 0.624053
4.254000 0.624029
4.257000 0.624029
4.260000 0.624029
4.263000 0.624029
4.266000 0.624029
4.269000 0.624029
4.272000 0.624029
4.275000 0.624029
4.278000 0.624029
4.281000 0.624029
4.284000 0.624029
4.287000 0.624029
4.290000 0.624029
4.293000 0.624029
4.296000 0.624029
4.299000 0.624029
4.302000 0.624029
4.305000 0.624029
4.308000 0.624029
4.311000 0.624029
4.314000 0.624029
4.317000 0.624029
4.320000 0.624029
4.323000 0.624029
4.326000 0.624029
4.329000 0.624029
4.332000 0.624029
4.335000 0.624029
4.338000 0.624029
4.341000 0.624029
4.344000 0.624029
4.347000 0.624029
4.350000 0.624029
4.353000 0.624029
4.356000 0.624029
4.359000 0.624029
4.362000 0.624029
4.365000 0.624029
4.368000 0.624029
4.371000 0.624029
4.374000 0.624029
4.377000 0.624029
4.380000 0.624029
4.383000 0.624029
4.386000 0.624029
4.389000 0.624029
4.392000 0.624029
4.395000 0.624029
4.398000 0.624029
4.401000 0.624029
4.404000 0.624029
4.407000 0.624029
4.410000 0.624029
4.413000 0.624029
4.416000 0.624029
4.419000 0.624029
4.422000 0.624029
4.425000 0.624029
4.428000 0.624029
4.431000 0.624029
4.434000 0.624029
4.437000 0.624029
4.440000 0.624029
4.443000 0.624029
4.446000 0.624029
4.449000 0.624029
4.452000 0.624029
4.455000 0.624029
4.458000 0.624029
4.461000 0.624029
4.464000 0.624029
4.467000 0.624029
4.470000 0.624029
4.473000 0.624029
4.476000 0.624029
4.479000 0.624029
4.482000 0.624029
4.485000 0.624029
4.488000 0.624029
4.491000 0.624029
4.494000 0.624029
4.497000 0.624029
4.500000 0.624029
4.503000 0.624029
4.506000 0.624029
4.509000 0.624029
4.512000 0.624029
4.515000 0.624029
4.518000 0.624029
4.521000 0.624029
4.524000 0.624029
4.527000 0.624029
4.530000 0.624029
4.533000 0.624029
4.536000 0.624029
4.539000 0.624029
4.542000 0.624029
4.545000 0.624029
4.548000 0.624029
4.551000 0.624029
4.554000 0.624029
4.557000 0.624029
4.560000 0.624029
4.563000 0.624029
4.566000 0.624029
4.569000 0.624029
4.572000 0.624029
4.575000 0.624029
4.578000 0.624029
4.581000 0.624029
4.584000 0.624029
4.587000 0.624029
4.590000 0.624029
4.593000 0.624029
4.596000 0.624029
4.599000 0.624029
4.602000 0.624029
4.605000 0.624029
4.608000 0.624029
4.611000 0.624029
4.614000 0.624029
4.617000 0.624029
4.620000 0.624029
4.623000 0.624029
4.626000 0.624029
4.629000 0.624029
4.632000 0.624029
4.635000 0.624029
4.638000 0.624029
4.641000 0.624029
4.644000 0.624029
4.647000 0.624029
4.650000 0.624029
4.653000 0.624029
4.656000 0.624029
4.659000 0.624029
4.662000 0.624029
4.665000 0.624029
4.668000 0.624029
4.671000 0.624029
4.674000 0.624029
4.677000 0.624029
4.680000 0.624029
4.683000 0.624029
4.686000 0.624029
4.689000 0.624029
4.692000 0.624029
4.695000 0.624029
4.698000 0.624029
4.701000 0.624029
4.704000 0.624029
4.707000 0.624029
4.710000 0.624029
4.713000 0.624029
4.716000 0.624029
4.719000 0.624029
4.722000 0.624029
4.725000 0.624029
4.728000 0.624029
4.731000 0.624029
4.734000 0.624029
4.737000 0.624029
4.740000 0.624029
4.743000 0.624029
4.746000 0.624029
4.749000 0.624029
4.752000 0.624029
4.755000 0.624029
4.758000 0.624029
4.761000 0.624029
4.764000 0.624029
4.767000 0.624029
4.770000 0.624029
4.773000 0.624029
4.776000 0.624029
4.779000 0.624029
4.782000 0.624029
4.785000 0.624029
4.788000 0.624029
4.791000 0.624029
4.794000 0.624029
4.797000 0.624029
4.800000 0.624029
4.803000 0.624029
4.806000 0.624029
4.809000 0.624029
4.812000 0.624029
4.815000 0.624029
4.818000 0.624029
4.821000 0.624029
4.824000 0.624029
4.827000 0.624029
4.830000 0.624029
4.833000 0.624029
4.836000 0.624029
4.839000 0.624029
4.842000 0.624029
4.845000 0.624029
4.848000 0.624029
4.851000 0.624029
4.854000 0.624029
4.857000 0.624029
4.860000 0.624029
4.863000 0.624029
4.866000 0.624029
4.869000 0.624029
4.872000 0.624029
4.875000 0.624029
4.878000 0.624029
4.881000 0.624029
4.884000 0.624029
4.887000 0.624029
4.890000 0.624029
4.893000 0.624029
4.896000 0.624029
4.899000 0.624029
4.902000 0.624029
4.905000 0.624029
4.908000 0.624029
4.911000 0.624029
4.914000 0.624029
4.917000 0.624029
4.920000 0.624029
4.923000 0.624029
4.926000 0.624029
4.929000 0.624029
4.932000 0.624029
4.935000 0.624029
4.938000 0.624029
4.941000 0.624029
4.944000 0.624029
4.947000 0.624029
4.950000 0.624029
4.953000 0.624029
4.956000 0.624029
4.959000 0.624029
4.962000 0.624029
4.965000 0.624029
4.968000 0.624029
4.971000 0.624029
4.974000 0.624029
4.977000 0.624029
4.980000 0.624029
4.983000 0.624029
4.986000 0.624029
4.989000 0.624029
4.992000 0.624029
4.995000 0.624029
4.998000 0.624029
5.001000 0.624029
5.004000 0.624029
5.007000 0.624029
5.010000 0.624029
5.013000 0.624029
5.016000 0.624029
5.019000 0.624029
5.022000 0.624029
5.025000 0.624029
5.028000 0.624029
5.031000 0.624029
5.034000 0.624029
5.037000 0.624029
5.040000 0.624029
5.043000 0.624029
5.046000 0.624029
5.049000 0.624029
5.052000 0.624029
5.055000 0.624029
5.058000 0.624029
5.061000 0.624029
5.064000 0.624029
5.067000 0.624029
5.070000 0.624029
5.073000 0.624029
5.076000 0.624029
5.079000 0.624029
5.082000 0.624029
5.085000 0.624029
5.088000 0.624029
5.091000 0.624029
5.094000 0.624029
5.097000 0.624029
5.100000 0.624029
5.103000 0.624029
5.106000 0.624029
5.109000 0.624029
5.112000 0.624029
5.115000 0.624029
5.118000 0.624029
5.121000 0.624029
5.124000 0.624029
5.127000 0.624029
5.130000 0.624029
5.133000 0.624029
5.136000 0.624029
5.139000 0.624029
5.142000 0.624029
5.145000 0.624029
5.148000 0.624029
5.151000 0.624029
5.154000 0.624029
5.157000 0.624029
5.160000 0.624029
5.163000 0.624029
5.166000 0.624029
5.169000 0.624029
5.172000 0.624029
5.175000 0.624029
5.178000 0.624029
5.181000 0.624029
5.184000 0.624029
5.187000 0.624029
5.190000 0.624029
5.193000 0.624029
5.196000 0.624029
5.199000 0.624029
5.202000 0.624029
5.205000 0.624029
5.208000 0.624029
5.211000 0.624029
5.214000 0.624029
5.217000 0.624029
5.220000 0.624029
5.223000 0.624029
5.226000 0.624029
5.229000 0.624029
5.232000 0.624029
5.235000 0.624029
5.238000 0.624029
5.241000 0.624029
5.244000 0.624029
5.247000 0.624029
5.250000 0.624029
5.253000 0.624029
5.256000 0.624029
5.259000 0.624029
5.262000 0.624029
5.265000 0.624029
5.268000 0.624029
5.271000 0.624029
5.274000 0.624029
5.277000 0.624029
5.280000 0.624029
5.283000 0.624029
5.286000 0.624029
5.289000 0.624029
5.292000 0.624029
5.295000 0.624029
5.298000 0.624029
5.301000 0.624029
5.304000 0.624029
5.307000 0.624029
5.310000 0.624029
5.313000 0.624029
5.316000 0.624029
5.319000 0.624029
5.322000 0.624029
5.325000 0.624029
5.328000 0.624029
5.331000 0.624029
5.334000 0.624029
5.337000 0.624029
5.340000 0.624029
5.343000 0.624029
5.346000 0.624029
5.349000 0.624029
5.352000 0.624029
5.355000 0.624029
5.358000 0.624029
5.361000 0.624029
5.364000 0.624029
5.367000 0.624029
5.370000 0.624029
5.373000 0.624029
5.376000 0.624029
5.379000 0.624029
5.382000 0.624029
5.385000 0.624029
5.388000 0.624029
5.391000 0.624029
5.394000 0.624029
5.397000 0.624029
5.400000 0.624029
5.403000 0.624029
5.406000 0.624029
5.409000 0.624029
5.412000 0.624029
5.415000 0.624029
5.418000 0.624029
5.421000 0.624029
5.424000 0.624029
5.427000 0.624029
5.430000 0.624029
5.433000 0.624029
5.436000 0.624029
5.439000 0.624029
5.442000 0.624029
5.445000 0.624029
5.448000 0.624029
5.451000 0.624029
5.454000 0.624029
5.457000 0.624029
5.460000 0.624029
5.463000 0.624029
5.466000 0.624029
5.469000 0.624029
5.472000 0.624029
5.475000 0.624029
5.478000 0.624029
5.481000 0.624029
5.484000 0.624029
5.487000 0.624029
5.490000 0.624029
5.493000 0.624029
5.496000 0.624029
5.499000 0.624029
5.502000 0.624029
5.505000 0.624029
5.508000 0.624029
5.511000 0.624029
5.514000 0.624029
5.517000 0.624029
5.520000 0.624029
5.523000 0.624029
5.526000 0.624029
5.529000 0.624029
5.532000 0.624029
5.535000 0.624029
5.538000 0.624029
5.541000 0.624029
5.544000 0.624029
5.547000 0.624029
5.550000 0.624029
5.553000 0.624029
5.556000 0.624029
5.559000 0.624029
5.562000 0.624029
5.565000 0.624029
5.568000 0.624029
5.571000 0.624029
5.574000 0.624029
5.577000 0.624029
5.580000 0.624029
5.583000 0.624029
5.586000 0.624029
5.589000 0.624029
5.592000 0.624029
5.595000 0.624029
5.598000 0.624029
5.601000 0.624029
5.604000 0.624029
5.607000 0.624029
5.610000 0.624029
5.613000 0.624029
5.616000 0.624029
5.619000 0.624029
5.622000 0.624029
5.625000 0.624029
5.628000 0.624029
5.631000 0.624029
5.634000 0.624029
5.637000 0.624029
5.640000 0.624029
5.643000 0.624029
5.646000 0.624029
5.649000 0.624029
5.652000 0.624029
5.655000 0.624029
5.658000 0.624029
5.661000 0.624029
5.664000 0.624029
5.667000 0.624029
5.670000 0.624029
5.673000 0.624029
5.676000 0.624029
5.679000 0.624029
5.682000 0.624029
5.685000 0.624029
5.688000 0.624029
5.691000 0.624029
5.694000 0.624029
5.697000 0.624029
5.700000 0.624029
5.703000 0.624029
5.706000 0.624029
5.709000 0.624029
5.712000 0.624029
5.715000 0.624029
5.718000 0.624029
5.721000 0.624029
5.724000 0.624029
5.727000 0.624029
5.730000 0.624029
5.733000 0.624029
5.736000 0.624029
5.739000 0.624029
5.742000 0.624029
5.745000 0.624029
5.748000 0.624029
5.751000 0.624029
5.754000 0.624029
5.757000 0.624029
5.760000 0.624029
5.763000 0.624029
5.766000 0.624029
5.769000 0.624029
5.772000 0.624029
5.775000 0.624029
5.778000 0.624029
5.781000 0.624029
5.784000 0.624029
5.787000 0.624029
5.790000 0.624029
5.793000 0.624029
5.796000 0.624029
5.799000 0.624029
5.802000 0.624029
5.805000 0.624029
5.808000 0.624029
5.811000 0.624029
5.814000 0.624029
5.817000 0.624029
5.820000 0.624029
5.823000 0.624029
5.826000 0.624029
5.829000 0.624029
5.832000 0.624029
5.835000 0.624029
5.838000 0.624029
5.841000 0.624029
5.844000 0.624029
5.847000 0.624029
5.850000 0.624029
5.853000 0.624029
5.856000 0.624029
5.859000 0.624029
5.862000 0.624029
5.865000 0.624029
5.868000 0.624029
5.871000 0.624029
5.874000 0.624029
5.877000 0.624029
5.880000 0.624029
5.883000 0.624029
5.886000 0.624029
5.889000 0.624029
5.892000 0.624029
5.895000 0.624029
5.898000 0.624029
5.901000 0.624029
5.904000 0.624029
5.907000 0.624029
5.910000 0.624029
5.913000 0.624029
5.916000 0.624029
5.919000 0.624029
5.922000 0.624029
5.925000 0.624029
5.928000 0.624029
5.931000 0.624029
5.934000 0.624029
5.937000 0.624029
5.940000 0.624029
5.943000 0.624029
5.946000 0.624029
5.949000 0.624029
5.952000 0.624029
5.955000 0.624029
5.958000 0.624029
5.961000 0.624029
5.964000 0.624029
5.967000 0.624029
5.970000 0.624029
5.973000 0.624029
5.976000 0.624029
5.979000 0.624029
5.982000 0.624029
5.985000 0.624029
5.988000 0.624029
5.991000 0.624029
5.994000 0.624029
5.997000 0.624029
