   1.5030060120240480E-002   0.0000000000000000     
   2.5050100200400799E-002   0.0000000000000000     
   3.5070140280561123E-002   0.0000000000000000     
   4.5090180360721439E-002   0.0000000000000000     
   5.5110220440881763E-002   0.0000000000000000     
   6.5130260521042080E-002   0.0000000000000000     
   7.5150300601202397E-002   0.0000000000000000     
   8.5170340681362727E-002   0.0000000000000000     
   9.5190380761523044E-002   0.0000000000000000     
  0.10521042084168336        0.0000000000000000     
  0.11523046092184368        0.0000000000000000     
  0.12525050100200399        0.0000000000000000     
  0.13527054108216433        0.0000000000000000     
  0.14529058116232466        0.0000000000000000     
  0.15531062124248496        0.0000000000000000     
  0.16533066132264529        0.0000000000000000     
  0.17535070140280559        0.0000000000000000     
  0.18537074148296592        0.0000000000000000     
  0.19539078156312625        0.0000000000000000     
  0.20541082164328656        0.0000000000000000     
  0.21543086172344689        0.0000000000000000     
  0.22545090180360722        0.0000000000000000     
  0.23547094188376752        0.0000000000000000     
  0.24549098196392785        0.0000000000000000     
  0.25551102204408815        0.0000000000000000     
  0.26553106212424848        0.0000000000000000     
  0.27555110220440882        0.0000000000000000     
  0.28557114228456915        0.0000000000000000     
  0.29559118236472942        0.0000000000000000     
  0.30561122244488975        0.0000000000000000     
  0.31563126252505008        0.0000000000000000     
  0.32565130260521041        0.0000000000000000     
  0.33567134268537074        0.0000000000000000     
  0.34569138276553107        0.0000000000000000     
  0.35571142284569135        0.0000000000000000     
  0.36573146292585168        0.0000000000000000     
  0.37575150300601201        0.0000000000000000     
  0.38577154308617234        0.0000000000000000     
  0.39579158316633267        0.0000000000000000     
  0.40581162324649295        0.0000000000000000     
  0.41583166332665328        0.0000000000000000     
  0.42585170340681361        0.0000000000000000     
  0.43587174348697394        0.0000000000000000     
  0.44589178356713427        0.0000000000000000     
  0.45591182364729455        0.0000000000000000     
  0.46593186372745488        0.0000000000000000     
  0.47595190380761521        0.0000000000000000     
  0.48597194388777554        0.0000000000000000     
  0.49599198396793587        0.0000000000000000     
  0.50601202404809620        0.0000000000000000     
  0.51603206412825653        0.0000000000000000     
  0.52605210420841686        0.0000000000000000     
  0.53607214428857708        0.0000000000000000     
  0.54609218436873741        0.0000000000000000     
  0.55611222444889774        0.0000000000000000     
  0.56613226452905807        0.0000000000000000     
  0.57615230460921840        0.0000000000000000     
  0.58617234468937873        0.0000000000000000     
  0.59619238476953906        0.0000000000000000     
  0.60621242484969939        0.0000000000000000     
  0.61623246492985972        0.0000000000000000     
  0.62625250501002006        0.0000000000000000     
  0.63627254509018039        0.0000000000000000     
  0.64629258517034061        0.0000000000000000     
  0.65631262525050094        0.0000000000000000     
  0.66633266533066127        0.0000000000000000     
  0.67635270541082160        0.0000000000000000     
  0.68637274549098193        0.0000000000000000     
  0.69639278557114226        0.0000000000000000     
  0.70641282565130259        0.0000000000000000     
  0.71643286573146292        0.0000000000000000     
  0.72645290581162325        0.0000000000000000     
  0.73647294589178358        0.0000000000000000     
  0.74649298597194391        0.0000000000000000     
  0.75651302605210413        0.0000000000000000     
  0.76653306613226446        0.0000000000000000     
  0.77655310621242479        0.0000000000000000     
  0.78657314629258512        0.0000000000000000     
  0.79659318637274545        0.0000000000000000     
  0.80661322645290578        0.0000000000000000     
  0.81663326653306612        0.0000000000000000     
  0.82665330661322645        0.0000000000000000     
  0.83667334669338678        0.0000000000000000     
  0.84669338677354711        0.0000000000000000     
  0.85671342685370733        0.0000000000000000     
  0.86673346693386766        0.0000000000000000     
  0.87675350701402799        0.0000000000000000     
  0.88677354709418832        0.0000000000000000     
  0.89679358717434865        0.0000000000000000     
  0.90681362725450898        0.0000000000000000     
  0.91683366733466931        0.0000000000000000     
  0.92685370741482964        0.0000000000000000     
  0.93687374749498997        0.0000000000000000     
  0.94689378757515030        0.0000000000000000     
  0.95691382765531063        0.0000000000000000     
  0.96693386773547085        0.0000000000000000     
  0.97695390781563118        0.0000000000000000     
  0.98697394789579151        0.0000000000000000     
  0.99699398797595185        0.0000000000000000     
   1.0070140280561122       0.25919424947160885     
   1.0170340681362724        1.6562909218443858     
   1.0270541082164328        1.5184899942267005     
   1.0370741482965931        1.4935184659648162     
   1.0470941883767535        1.5222504001557908     
   1.0571142284569137        1.4480709846177580     
   1.0671342685370742        1.5028030878027716     
   1.0771543086172344        1.4577794194336293     
   1.0871743486973948        1.4627130159596942     
   1.0971943887775550        1.5162351851920561     
   1.1072144288577155        1.4198795464383873     
   1.1172344689378757        1.4682531311609579     
   1.1272545090180359        1.4337777273262236     
   1.1372745490981964        1.4158364482302950     
   1.1472945891783566        1.4172345533529707     
   1.1573146292585170        1.3873067631456437     
   1.1673346693386772        1.2604173006242072     
   1.1773547094188377        1.3664543417437742     
   1.1873747494989979        1.2731739694584403     
   1.1973947895791583        1.3567724237629302     
   1.2074148296593186        1.3247416904004992     
   1.2174348697394790        1.3226126491698640     
   1.2274549098196392        1.2641409360477429     
   1.2374749498997994        1.2599099095963979     
   1.2474949899799599        1.2643096079143787     
   1.2575150300601201        1.2398316640251406     
   1.2675350701402806        1.2761979924383016     
   1.2775551102204408        1.2625532573539491     
   1.2875751503006012        1.2981767511355524     
   1.2975951903807614        1.1807763752619189     
   1.3076152304609219        1.1830939381994774     
   1.3176352705410821        1.1934831973728022     
   1.3276553106212425        1.1865746708906679     
   1.3376753507014028        1.2040733142113871     
   1.3476953907815630        1.1616935454148585     
   1.3577154308617234        1.1510677374155607     
   1.3677354709418836        1.0088465393819179     
   1.3777555110220441        1.1579215893492740     
   1.3877755511022043        1.0950113727307833     
   1.3977955911823647        1.1775371397951744     
   1.4078156312625250        1.0649085402677589     
   1.4178356713426854        1.1160169787225336     
   1.4278557114228456        1.1137148226780831     
   1.4378757515030061        1.0316636266400241     
   1.4478957915831663        1.0870733022406125     
   1.4579158316633265        1.1321645136236664     
   1.4679358717434869        1.1136792986175210     
   1.4779559118236472        1.0344819429481140     
   1.4879759519038076        1.0724617448391032     
   1.4979959919839678        1.1065230456753745     
   1.5080160320641283        1.0255641751624596     
   1.5180360721442885        1.0561199886330923     
   1.5280561122244489        1.0789805537043726     
   1.5380761523046091        1.0961080148954410     
   1.5480961923847696        1.0449129193750495     
   1.5581162324649298        1.0298471382453922     
   1.5681362725450900        1.0807235857827593     
   1.5781563126252505        1.0532615940272072     
   1.5881763527054107        1.0527574958612000     
   1.5981963927855711        1.0327895719889872     
   1.6082164328657313        1.0480138922951308     
   1.6182364729458918        1.0980637313340982     
   1.6282565130260520       0.97493082334238035     
   1.6382765531062125       0.98824524625498555     
   1.6482965931863727       0.95462456900113579     
   1.6583166332665329       0.97490238608629509     
   1.6683366733466933        1.0408696261402512     
   1.6783567134268536       0.94997920829469740     
   1.6883767535070140       0.93938995296078220     
   1.6983967935871742       0.96802966790029599     
   1.7084168336673347       0.95501210109029422     
   1.7184368737474949       0.96322706975545291     
   1.7284569138276553       0.97752686881799122     
   1.7384769539078155       0.96521395126260423     
   1.7484969939879760       0.92674584230335333     
   1.7585170340681362       0.94417834055246996     
   1.7685370741482964       0.89418527673130399     
   1.7785571142284569       0.87269642388129676     
   1.7885771543086171       0.87222170857881509     
   1.7985971943887775       0.95903079902679766     
   1.8086172344689377       0.93676947701894819     
   1.8186372745490982       0.88640682736344434     
   1.8286573146292584       0.92624953440459468     
   1.8386773547094188       0.86866278380300721     
   1.8486973947895791       0.88907684626568295     
   1.8587174348697395       0.89277950199889577     
   1.8687374749498997       0.85344701320345029     
   1.8787575150300599       0.81033161899575190     
   1.8887775551102204       0.90070105675408585     
   1.8987975951903806       0.86537376022657952     
   1.9088176352705410       0.84258285869717497     
   1.9188376753507013       0.82971156409375180     
   1.9288577154308617       0.88054049745275409     
   1.9388777555110219       0.92102301549875210     
   1.9488977955911824       0.87720544737077211     
   1.9589178356713426       0.82530099691704262     
   1.9689378757515030       0.84091497728316456     
   1.9789579158316633       0.82938190010435520     
   1.9889779559118235       0.85882825085325021     
   1.9989979959919839       0.89402007628197255     
   2.0090180360721441       0.88724937400217874     
   2.0190380761523046       0.84558167071070400     
   2.0290581162324650       0.87184855737317779     
   2.0390781563126250       0.89147981838645474     
   2.0490981963927855       0.90321287887746626     
   2.0591182364729459       0.88032256320070656     
   2.0691382765531063       0.83812610114742614     
   2.0791583166332663       0.86714662507484408     
   2.0891783567134268       0.82719655845027262     
   2.0991983967935872       0.88917877429698566     
   2.1092184368737472       0.77551885222627148     
   2.1192384769539077       0.86192342283780232     
   2.1292585170340681       0.80944459626383602     
   2.1392785571142285       0.86687512091379482     
   2.1492985971943885       0.88228153796011743     
   2.1593186372745490       0.80871533543882512     
   2.1693386773547094       0.83323986343578216     
   2.1793587174348699       0.79893470566974034     
   2.1893787575150299       0.83706801547028298     
   2.1993987975951903       0.79989052771459457     
   2.2094188376753507       0.86626173092765768     
   2.2194388777555107       0.83263625413973741     
   2.2294589178356712       0.84347627149513937     
   2.2394789579158316       0.81688996585541473     
   2.2494989979959921       0.79466973626429915     
   2.2595190380761521       0.82793839633238819     
   2.2695390781563125       0.82325984771543126     
   2.2795591182364729       0.80273080413963449     
   2.2895791583166334       0.84323558993649239     
   2.2995991983967934       0.86056554205220859     
   2.3096192384769538       0.87553316788536617     
   2.3196392785571143       0.86053893349893540     
   2.3296593186372743       0.81895980309456706     
   2.3396793587174347       0.81803302642204923     
   2.3496993987975952       0.86395886968002211     
   2.3597194388777556       0.80754310553748843     
   2.3697394789579156       0.80608840205029675     
   2.3797595190380760       0.80796367392884294     
   2.3897795591182365       0.81545913899653466     
   2.3997995991983969       0.82327907260714062     
   2.4098196392785569       0.77899798917295981     
   2.4198396793587174       0.79362161363433481     
   2.4298597194388778       0.82398895074253686     
   2.4398797595190378       0.80651900676395016     
   2.4498997995991982       0.76208304207893729     
   2.4599198396793587       0.78125731736023163     
   2.4699398797595191       0.74950663003457818     
   2.4799599198396791       0.77700415238721288     
   2.4899799599198396       0.78488213894427983     
   2.5000000000000000       0.76427357778748228     
   2.5100200400801604       0.75474645748550306     
   2.5200400801603204       0.77809987892960986     
   2.5300601202404809       0.78199382704118880     
   2.5400801603206413       0.75843067906411654     
   2.5501002004008013       0.76947415037344546     
   2.5601202404809618       0.76609968737330147     
   2.5701402805611222       0.73691086560248287     
   2.5801603206412826       0.77850962554644076     
   2.5901803607214426       0.77209117094644819     
   2.6002004008016031       0.79715841103459939     
   2.6102204408817635       0.75958002489687215     
   2.6202404809619235       0.72778375936261386     
   2.6302605210420840       0.75626477908106104     
   2.6402805611222444       0.78523323808941259     
   2.6503006012024048       0.72338436930480221     
   2.6603206412825648       0.78891992375160780     
   2.6703406813627253       0.81587444024802458     
   2.6803607214428857       0.76222867658411908     
   2.6903807615230462       0.73107887151157747     
   2.7004008016032062       0.79131349442949372     
   2.7104208416833666       0.73492646191226807     
   2.7204408817635271       0.75936408496225982     
   2.7304609218436870       0.77052512315578059     
   2.7404809619238475       0.73432187628103063     
   2.7505010020040079       0.74549282388181615     
   2.7605210420841684       0.72848632102946220     
   2.7705410821643284       0.72652218349346676     
   2.7805611222444888       0.70252436173509969     
   2.7905811623246493       0.78587937555342990     
   2.8006012024048097       0.77029843278834309     
   2.8106212424849697       0.79134721742638814     
   2.8206412825651301       0.72464963457341103     
   2.8306613226452906       0.76179012679001246     
   2.8406813627254506       0.78526208998675562     
   2.8507014028056110       0.77223801900562461     
   2.8607214428857715       0.76677322824767724     
   2.8707414829659319       0.77768657872101887     
   2.8807615230460919       0.79465034685055735     
   2.8907815631262523       0.77133137388243278     
   2.9008016032064128       0.78467757745509004     
   2.9108216432865732       0.77463694427363827     
   2.9208416833667332       0.75735087337213913     
   2.9308617234468937       0.77361879584511750     
   2.9408817635270541       0.76845617926879106     
   2.9509018036072141       0.77702132191575057     
   2.9609218436873745       0.79713574416592303     
   2.9709418837675350       0.72707087825575678     
   2.9809619238476954       0.74503677471102592     
   2.9909819639278554       0.76164007023643288     
   3.0010020040080159       0.73634733463295565     
   3.0110220440881763       0.75441149065701119     
   3.0210420841683367       0.72731197760983490     
   3.0310621242484967       0.78068155322675004     
   3.0410821643286572       0.76085191134386687     
   3.0511022044088176       0.76565971297465873     
   3.0611222444889776       0.78849076368386861     
   3.0711422845691381       0.73268687302014734     
   3.0811623246492985       0.74537750858159968     
   3.0911823647294590       0.76504738454407428     
   3.1012024048096190       0.72663321677624193     
   3.1112224448897794       0.75011797016223902     
   3.1212424849699398       0.76020891773430255     
   3.1312625250501003       0.77794801860269402     
   3.1412825651302603       0.73599091802404104     
   3.1513026052104207       0.74662004207225285     
   3.1613226452905812       0.71957244676387810     
   3.1713426853707412       0.72711088578349203     
   3.1813627254509016       0.75051431878062536     
   3.1913827655310620       0.73273197948568891     
   3.2014028056112225       0.71390037600902001     
   3.2114228456913825       0.76677297497346919     
   3.2214428857715429       0.71810950083913494     
   3.2314629258517034       0.71645769554142180     
   3.2414829659318638       0.73272590645948543     
   3.2515030060120238       0.71718405991694478     
   3.2615230460921842       0.69191224148638575     
   3.2715430861723447       0.70739634200902057     
   3.2815631262525047       0.72802243643387354     
   3.2915831663326651       0.71790476663476488     
   3.3016032064128256       0.70559779841468961     
   3.3116232464929860       0.71664577442455957     
   3.3216432865731460       0.66079278547196652     
   3.3316633266533064       0.71038352007270245     
   3.3416833667334669       0.65766390351558279     
   3.3517034068136273       0.69505074612149553     
   3.3617234468937873       0.66742062163198779     
   3.3717434869739478       0.64078117674862867     
   3.3817635270541082       0.65330274414663270     
   3.3917835671342682       0.67382915844869096     
   3.4018036072144286       0.62474292318617630     
   3.4118236472945891       0.66796552749409277     
   3.4218436873747495       0.69858389356175288     
   3.4318637274549095       0.64363014766834126     
   3.4418837675350700       0.66685453324482358     
   3.4519038076152304       0.64756257835141340     
   3.4619238476953909       0.66567740558966781     
   3.4719438877755509       0.63486239493676822     
   3.4819639278557113       0.62569939086647064     
   3.4919839679358717       0.66460204788834587     
   3.5020040080160317       0.64957112147068252     
   3.5120240480961922       0.62074062780411854     
   3.5220440881763526       0.65431449112725537     
   3.5320641282565131       0.64825056820600535     
   3.5420841683366731       0.63920521576555944     
   3.5521042084168335       0.62955714919104433     
   3.5621242484969939       0.64017247209840666     
   3.5721442885771544       0.61939447450507779     
   3.5821643286573144       0.60378914361208913     
   3.5921843687374748       0.62033486651558400     
   3.6022044088176353       0.60068795545892961     
   3.6122244488977953       0.59452163642060163     
   3.6222444889779557       0.62646998638180784     
   3.6322645290581161       0.62256811126795908     
   3.6422845691382766       0.61664751423092223     
   3.6523046092184366       0.60007778977334769     
   3.6623246492985970       0.59907006084211645     
   3.6723446893787575       0.58112110043726750     
   3.6823647294589179       0.62242198138238158     
   3.6923847695390779       0.63331108674678938     
   3.7024048096192383       0.57590116648966683     
   3.7124248496993988       0.60925044779410764     
   3.7224448897795588       0.59750442661669412     
   3.7324649298597192       0.60224637238997814     
   3.7424849699398797       0.61577387853073684     
   3.7525050100200401       0.60645609639563913     
   3.7625250501002001       0.55731780949061316     
   3.7725450901803605       0.59277027725956244     
   3.7825651302605210       0.56873074043517935     
   3.7925851703406814       0.58424989213376977     
   3.8026052104208414       0.60298492570273665     
   3.8126252505010019       0.60602917498368425     
   3.8226452905811623       0.58439385720266546     
   3.8326653306613223       0.56735525011336874     
   3.8426853707414828       0.57784117315110439     
   3.8527054108216432       0.55114387549903820     
   3.8627254509018036       0.57989316205675379     
   3.8727454909819636       0.57683378143031538     
   3.8827655310621241       0.57498633497695972     
   3.8927855711422845       0.56730238096094010     
   3.9028056112224445       0.59107393195542635     
   3.9128256513026050       0.54315037752037609     
   3.9228456913827654       0.57810944663544972     
   3.9328657314629258       0.54380736061420443     
   3.9428857715430858       0.58070730696980155     
   3.9529058116232463       0.54809993263872048     
   3.9629258517034067       0.57577842111309363     
   3.9729458917835672       0.55562238047203494     
   3.9829659318637272       0.55142606315270903     
   3.9929859719438876       0.54585505513742005     
   4.0030060120240476       0.58648847791695924     
   4.0130260521042080       0.57229359273119074     
   4.0230460921843685       0.55112736212173574     
   4.0330661322645289       0.54020009522012058     
   4.0430861723446894       0.55161202462989722     
   4.0531062124248498       0.54291474724582667     
   4.0631262525050102       0.56020754296732078     
   4.0731462925851698       0.53830517962742575     
   4.0831663326653302       0.53163822965327656     
   4.0931863727454907       0.53669084620877239     
   4.1032064128256511       0.56582787505556009     
   4.1132264529058116       0.55756182674121846     
   4.1232464929859720       0.54145128749349192     
   4.1332665330661325       0.54541983451735820     
   4.1432865731462920       0.54354033584764672     
   4.1533066132264524       0.53976891740700894     
   4.1633266533066129       0.57952160567811928     
   4.1733466933867733       0.56043574079057268     
   4.1833667334669338       0.55121100682748558     
   4.1933867735470942       0.55864346624594241     
   4.2034068136272547       0.57090205271268624     
   4.2134268537074151       0.51773755473148286     
   4.2234468937875747       0.54806940981975538     
   4.2334669338677351       0.54315192266824119     
   4.2434869739478955       0.53103419266174012     
   4.2535070140280560       0.53284051033812385     
   4.2635270541082164       0.54150105473317334     
   4.2735470941883769       0.55468540447556136     
   4.2835671342685373       0.55588160980048007     
   4.2935871743486969       0.52591945466292545     
   4.3036072144288573       0.54584679545301562     
   4.3136272545090177       0.53252017296614063     
   4.3236472945891782       0.54696898755932066     
   4.3336673346693386       0.55920760772285982     
   4.3436873747494991       0.52637571229768210     
   4.3537074148296595       0.54585933822529009     
   4.3637274549098191       0.54205159289306215     
   4.3737474949899795       0.53571280915694974     
   4.3837675350701399       0.52781384021225963     
   4.3937875751503004       0.55451563600096598     
   4.4038076152304608       0.53405984547340213     
   4.4138276553106213       0.54926218271577809     
   4.4238476953907817       0.53132559539369251     
   4.4338677354709422       0.53201030662550330     
   4.4438877755511017       0.56080535548190202     
   4.4539078156312621       0.52607118379529483     
   4.4639278557114226       0.52676307859142202     
   4.4739478957915830       0.51779766748343448     
   4.4839679358717435       0.54761001091122219     
   4.4939879759519039       0.48727525547393213     
   4.5040080160320644       0.52785001914360830     
   4.5140280561122239       0.52595811230517253     
   4.5240480961923843       0.50385074791765272     
   4.5340681362725448       0.48511892622049396     
   4.5440881763527052       0.50408164595100380     
   4.5541082164328657       0.50633794356540207     
   4.5641282565130261       0.51163706137128473     
   4.5741482965931866       0.50706410070064301     
   4.5841683366733461       0.50899514570993121     
   4.5941883767535066       0.49706819594886636     
   4.6042084168336670       0.50173612733016382     
   4.6142284569138274       0.49490937642248695     
   4.6242484969939879       0.48710786445521898     
   4.6342685370741483       0.50780184606444378     
   4.6442885771543088       0.51100631811718855     
   4.6543086172344683       0.48226548913604994     
   4.6643286573146288       0.50253779235912321     
   4.6743486973947892       0.51109828066901086     
   4.6843687374749496       0.47817928122540865     
   4.6943887775551101       0.50842176108150527     
   4.7044088176352705       0.48887761001153052     
   4.7144288577154310       0.49059692656046805     
   4.7244488977955914       0.48601746196343631     
   4.7344689378757510       0.48675458969572538     
   4.7444889779559114       0.49101261790420325     
   4.7545090180360718       0.50492331350713426     
   4.7645290581162323       0.49811025961580846     
   4.7745490981963927       0.49891309409416285     
   4.7845691382765532       0.49272357897914187     
   4.7945891783567136       0.49469671207538535     
   4.8046092184368732       0.50942131416138381     
   4.8146292585170336       0.46263756191399280     
   4.8246492985971940       0.49565753021288028     
   4.8346693386773545       0.50068225264590038     
   4.8446893787575149       0.49236099968446789     
   4.8547094188376754       0.50550346370180987     
   4.8647294589178358       0.48842334065047766     
   4.8747494989979954       0.47150870746386137     
   4.8847695390781558       0.46379096511255430     
   4.8947895791583163       0.47223500967749282     
   4.9048096192384767       0.47022869443014687     
   4.9148296593186371       0.48249954363912378     
   4.9248496993987976       0.47237033685873558     
   4.9348697394789580       0.48948087431014931     
   4.9448897795591185       0.46914105885091223     
   4.9549098196392780       0.44447809414209016     
   4.9649298597194385       0.45284182500171255     
   4.9749498997995989       0.46387914933092028     
   4.9849699398797593       0.45363003082338738     
   4.9949899799599198       0.45690414468066243     
   5.0050100200400802       0.47083645208483860     
