0 0.000000 0.000000
1 0.372321 0.378063
2 0.756125 0.748381
3 1.133320 1.124307
4 1.508378 1.502971
5 1.888444 1.879298
6 2.268175 2.251686
7 2.639963 2.635223
8 3.009213 3.007410
9 3.385740 3.372655
10 3.749516 3.747981
11 4.116563 4.119968
12 4.487215 4.494826
13 4.859203 4.856199
14 5.236131 5.231124
15 5.607450 5.603512
16 5.980573 5.977702
17 6.359103 6.348221
18 6.726083 6.720943
19 7.091194 7.084051
20 7.456305 7.451766
21 7.827492 7.818880
22 8.192603 8.187062
23 8.552240 8.564590
24 8.917885 8.938914
25 9.285066 9.304159
26 9.648842 9.672341
27 10.015355 10.040323
28 10.384472 10.403565
29 10.749182 10.772415
30 11.114494 11.140063
31 11.475599 11.503371
32 11.838908 11.862741
33 12.205087 12.228320
34 12.567728 12.596969
35 12.939649 12.950931
36 13.311236 13.320048
37 13.668135 13.681621
38 14.034448 14.055611
39 14.411109 14.422258
40 14.775486 14.780025
41 15.142399 15.140330
42 15.508979 15.498965
43 15.871821 15.860405
44 16.229788 16.228720
45 16.586488 16.591094
46 16.951999 16.956806
47 17.312971 17.323453
48 17.672074 17.687162
49 18.036451 18.039322
50 18.400361 18.391949
51 18.759380 18.751168
52 19.122647 19.098344
53 19.473161 19.458739
54 19.839097 19.820871
55 20.200895 20.179063
56 20.569168 20.532715
57 20.925023 20.893711
58 21.268527 21.254440
59 21.627854 21.611297
60 21.976966 21.973895
61 22.327547 22.327747
62 22.684871 22.688276
63 23.038056 23.030979
64 23.399853 23.384831
65 23.759581 23.750567
66 24.122046 24.120777
67 24.490186 24.485379
68 24.832221 24.839298
69 25.187942 25.184804
70 25.541861 25.534117
71 25.895847 25.884898
72 26.247496 26.242623
73 26.595674 26.604954
74 26.949593 26.965349
75 27.303512 27.310989
76 27.660502 27.667245
77 28.014087 28.025838
78 28.365403 28.375751
79 28.716251 28.737482
80 29.069836 29.092068
81 29.425624 29.434304
82 29.778075 29.784484
83 30.141074 30.153358
84 30.484043 30.516825
85 30.842235 30.861597
86 31.202564 31.220724
87 31.558486 31.568701
88 31.919215 31.933035
89 32.285886 32.291294
90 32.645480 32.640206
91 33.008679 32.992856
92 33.363066 33.342436
93 33.716184 33.690546
94 34.064628 34.046335
95 34.409467 34.402123
96 34.764788 34.760115
97 35.117239 35.113834
98 35.469155 35.463680
99 35.830218 35.811590
100 36.194018 36.160969
101 36.539561 36.508313
102 36.889030 36.850571
103 37.226280 37.195767
104 37.587167 37.549175
105 37.939507 37.902584
106 38.299526 38.243907
107 38.647192 38.592909
108 38.981705 38.948054
109 39.329238 39.304667
110 39.663017 39.653602
111 40.003138 39.999599
112 40.355278 40.348067
113 40.704013 40.674768
114 41.051946 41.015357
115 41.403285 41.377579
116 41.757428 41.741136
117 42.121586 42.094011
118 42.458236 42.438339
119 42.805969 42.781131
120 43.156707 43.124658
121 43.494759 43.466649
122 43.830540 43.813113
123 44.175402 44.173065
124 44.514389 44.519530
125 44.861788 44.853375
126 45.213394 45.193497
127 45.558790 45.543300
128 45.891300 45.893704
129 46.230687 46.250851
130 46.576551 46.592108
131 46.927823 46.921947
132 47.281498 47.264672
133 47.641450 47.630166
134 47.973025 47.991520
135 48.322027 48.323296
136 48.672231 48.671029
137 49.015090 49.019497
138 49.369567 49.371236
139 49.731188 49.724110
140 50.083995 50.062229
141 50.434800 50.408760
142 50.778394 50.765774
143 51.123723 51.108967
144 51.459905 51.461908
145 51.797222 51.816252
146 52.149763 52.169527
147 52.496895 52.519864
148 52.845830 52.858249
149 53.203846 53.199840
150 53.562062 53.538893
151 53.902444 53.879340
152 54.241052 54.219084
153 54.578592 54.565705
154 54.929487 54.908654
155 55.275174 55.259014
156 55.623331 55.594618
157 55.972022 55.934829
158 56.307759 56.294939
159 56.653178 56.649706
160 56.976696 56.994057
161 57.306223 57.335938
162 57.649506 57.680956
163 57.992788 58.003739
164 58.334001 58.342882
165 58.679888 58.700921
166 59.029314 59.059161
167 59.383547 59.409388
168 59.720219 59.751002
169 60.063301 60.085737
170 60.408587 60.420740
171 60.749332 60.762019
172 61.088542 61.103699
173 61.425280 61.462740
174 61.754607 61.804554
175 62.096020 62.133614
176 62.442241 62.470419
177 62.786325 62.818977
178 63.115051 63.159388
179 63.453926 63.514490
180 63.807025 63.849826
181 64.152377 64.184896
182 64.505275 64.521301
183 64.861245 64.881143
184 65.192508 65.239049
185 65.541400 65.568243
186 65.883480 65.904915
187 66.222423 66.249666
188 66.570312 66.600227
189 66.927484 66.951522
190 67.277577 67.291667
191 67.620860 67.631944
192 67.954661 67.986579
193 68.294137 68.323451
194 68.624666 68.676149
195 68.953860 69.027511
196 69.300881 69.378405
197 69.642895 69.727163
198 69.993323 70.056557
199 70.354701 70.401175
200 70.706664 70.735710
201 71.048948 71.073523
202 71.387579 71.409816
203 71.719265 71.753055
204 72.068114 72.096694
205 72.418164 72.442270
206 72.760735 72.776227
207 73.104174 73.116861
208 73.441803 73.470050
209 73.789316 73.824174
210 74.110651 74.167746
211 74.432721 74.510985
212 74.774491 74.858030
213 75.111786 75.172287
214 75.452888 75.502437
215 75.796728 75.854758
216 76.139900 76.211085
217 76.487012 76.557997
218 76.820301 76.895492
219 77.161002 77.226177
220 77.504841 77.556127
221 77.851486 77.892287
222 78.182905 78.226377
223 78.513923 78.589917
224 78.845476 78.932020
225 79.180568 79.254558
226 79.520801 79.591185
227 79.864641 79.939833
228 80.184307 80.275526
229 80.521736 80.628114
230 80.871052 80.955860
231 81.215893 81.283673
232 81.566411 81.613689
233 81.927078 81.972554
234 82.262771 82.326144
235 82.611085 82.649482
236 82.958397 82.984240
237 83.293756 83.323873
238 83.639533 83.673990
239 83.997195 84.020768
240 84.346110 84.362270
241 84.680334 84.699032
242 85.012287 85.050952
243 85.354591 85.382170
244 85.690818 85.734758
245 86.018965 86.080200
246 86.361135 86.423506
247 86.700634 86.769282
248 87.042604 87.096962
249 87.405876 87.439265
250 87.755860 87.773957
251 88.091492 88.108521
252 88.423801 88.444170
253 88.752972 88.779551
254 89.099907 89.117070
255 89.448110 89.455723
256 89.788300 89.798384
257 90.127020 90.133431
258 90.462134 90.488180
259 90.802992 90.841125
260 91.122078 91.181648
261 91.442166 91.521638
262 91.778349 91.871110
263 92.109256 92.180847
264 92.455055 92.510752
265 92.799720 92.861827
266 93.141178 93.217310
267 93.490317 93.562375
268 93.819220 93.892414
269 94.158007 94.216442
270 94.502671 94.551823
271 94.840924 94.890544
272 95.168893 95.222452
273 95.492120 95.583478
274 95.823093 95.917858
275 96.152665 96.236410
276 96.491853 96.576399
277 96.830840 96.922399
278 97.147188 97.254307
279 97.478496 97.609523
280 97.822492 97.931147
281 98.166822 98.252705
282 98.516562 98.583278
283 98.870175 98.934219
284 99.207894 99.289301
285 99.549753 99.608388
286 99.885668 99.937158
287 100.220115 100.276079
288 100.561507 100.615734
289 100.916589 100.954655
290 101.259183 101.288567
291 101.586216 101.630159
292 101.918592 101.974823
293 102.263123 102.310071
294 102.587685 102.658007
295 102.913049 103.000801
296 103.257246 103.334981
297 103.589288 103.683184
298 103.934887 104.002938
299 104.299519 104.341592
300 104.646187 104.670362
301 104.984038 105.000334
302 105.307487 105.333066
303 105.631937 105.675149
304 105.977493 106.007213
305 106.309824 106.352902
306 106.645362 106.695051
307 106.985574 107.026782
308 107.321445 107.375676
309 107.658585 107.723235
310 107.966406 108.060175
311 108.281974 108.404395
312 108.611567 108.755760
313 108.937554 109.070126
314 109.280839 109.400120
315 109.620851 109.741802
316 109.953116 110.096440
317 110.304348 110.441662
318 110.623656 110.771990
319 110.954585 111.095171
320 111.293528 111.433046
321 111.633674 111.767582
322 111.959060 112.094704
323 112.281974 112.451346
324 112.613371 112.780004
325 112.947305 113.095105
326 113.285447 113.431310
327 113.624123 113.777466
328 113.936018 114.109263
329 114.255861 114.465371
330 114.597743 114.787083
331 114.944233 115.106124
332 115.282776 115.438322
333 115.635544 115.783677
334 115.973018 116.131370
335 116.314433 116.453683
336 116.652307 116.777132
337 116.986375 117.112603
338 117.321045 117.446404
339 117.675883 117.786349
340 118.014226 118.119348
341 118.337140 118.453750
342 118.671208 118.794029
343 119.009551 119.125693
344 119.334736 119.460562
345 119.656181 119.804715
346 119.999265 120.141321
347 120.329593 120.492553
348 120.673946 120.807520
349 121.041875 121.141655
350 121.389034 121.462967
351 121.720278 121.792479
352 122.048424 122.125234
353 122.375234 122.463999
354 122.716738 122.795952
355 123.052298 123.138859
356 123.380510 123.481432
357 123.717272 123.812450
358 124.057708 124.161635
359 124.393000 124.504208
360 124.702311 124.839500
361 125.023243 125.182741
362 125.353727 125.530390
363 125.684945 125.841571
364 126.027718 126.177732
365 126.368020 126.517366
366 126.695966 126.870425
367 127.051429 127.207788
368 127.367085 127.541210
369 127.701777 127.855664
370 128.038605 128.192893
371 128.378907 128.528186
372 128.700508 128.854929
373 129.020037 129.210393
374 129.352992 129.534665
375 129.689888 129.845445
376 130.014026 130.184678
377 130.343641 130.536201
378 130.656626 130.864213
379 130.979361 131.216337
380 131.326343 131.533796
381 131.667513 131.849118
382 132.015162 132.181071
383 132.363679 132.526583
384 132.702177 132.876436
385 133.049826 133.205985
386 133.382714 133.528921
387 133.713532 133.866551
388 134.051429 134.196567
389 134.399613 134.540409
390 134.734371 134.873497
391 135.058576 135.207120
392 135.393334 135.537871
393 135.732167 135.870224
394 136.054902 136.201643
395 136.381913 136.537537
396 136.708589 136.877839
397 137.032260 137.223951
398 137.376770 137.543615
399 137.744924 137.876837
400 138.090502 138.200107
401 138.418008 138.526618
402 138.742235 138.854185
403 139.065593 139.193507
404 139.410460 139.535970
405 139.744306 139.878365
406 140.067531 140.226037
407 140.411195 140.556810
408 140.748380 140.907354
409 141.083562 141.252421
410 141.384811 141.586000
411 141.699085 141.927326
412 142.024447 142.278472
413 142.350077 142.583528
414 142.683455 142.917841
415 143.026318 143.253958
416 143.361499 143.605437
417 143.718255 143.949636
418 144.031260 144.283682
419 144.368579 144.598023
420 144.699486 144.931134
421 145.035602 145.264979
422 145.360631 145.595752
423 145.685459 145.947632
424 146.014228 146.273662
425 146.353617 146.583127
426 146.679447 146.923318
427 147.011422 147.274865
428 147.317547 147.600895
429 147.637366 147.952909
430 147.987242 148.266916
431 148.326698 148.584998
432 148.673101 148.920446
433 149.014695 149.267050
434 149.351613 149.608176
435 149.699753 149.939483
436 150.027052 150.261238
437 150.353216 150.600828
438 150.695478 150.927259
439 151.039209 151.272059
440 151.363904 151.607842
441 151.691871 151.936277
442 152.024180 152.272660
443 152.363636 152.610781
444 152.686861 152.942890
445 153.016632 153.278806
446 153.350077 153.617394
447 153.671031 153.960991
448 154.014561 154.272794
449 154.384877 154.606239
450 154.729410 154.937012
451 155.056179 155.259719
452 155.382699 155.590047
453 155.699265 155.924783
454 156.039078 156.266934
455 156.372011 156.607348
456 156.697194 156.949566
457 157.035939 157.278691
458 157.371142 157.633868
459 157.708350 157.989312
460 158.013026 158.319439
461 158.324382 158.660721
462 158.645558 159.008283
463 158.966132 159.319572
464 159.297261 159.652171
465 159.637876 159.986440
466 159.968403 160.336406
467 160.327722 160.686106
468 160.628390 161.030060
469 160.958918 161.336607
470 161.292518 161.675551
471 161.626653 162.002672
472 161.953440 162.330461
473 162.280561 162.680160
474 162.600802 163.000668
475 162.945357 163.314429
476 163.266800 163.652505
477 163.596126 164.005077
478 163.905411 164.326453
479 164.228991 164.676420
480 164.568604 164.989446
481 164.910688 165.304609
482 165.258584 165.631797
483 165.598998 165.976353
484 165.945758 166.322311
485 166.290180 166.656580
486 166.613360 166.973614
487 166.934269 167.313093
488 167.278290 167.641884
489 167.618036 167.983701
490 167.949833 168.320975
491 168.270942 168.654776
492 168.607749 168.992786
493 168.940748 169.320240
494 169.261456 169.647562
495 169.587642 169.986373
496 169.919172 170.328858
497 170.248096 170.667401
498 170.592652 170.974549
499 170.962325 171.299265
