0.005010 0.000000
0.015030 0.000000
0.025050 0.000000
0.035070 0.000000
0.045090 0.000000
0.055110 0.000000
0.065130 0.000000
0.075150 0.000000
0.085170 0.000000
0.095190 0.000000
0.105210 0.000000
0.115230 0.000000
0.125251 0.000000
0.135271 0.000000
0.145291 0.000000
0.155311 0.000000
0.165331 0.000000
0.175351 0.000000
0.185371 0.000000
0.195391 0.000000
0.205411 0.000000
0.215431 0.000000
0.225451 0.000000
0.235471 0.000000
0.245491 0.000000
0.255511 0.000000
0.265531 0.000000
0.275551 0.000000
0.285571 0.000000
0.295591 0.000000
0.305611 0.000000
0.315631 0.000000
0.325651 0.000000
0.335671 0.000000
0.345691 0.000000
0.355711 0.000000
0.365731 0.000000
0.375752 0.000000
0.385772 0.000000
0.395792 0.000000
0.405812 0.000000
0.415832 0.000000
0.425852 0.000000
0.435872 0.000000
0.445892 0.000000
0.455912 0.000000
0.465932 0.000000
0.475952 0.000000
0.485972 0.000000
0.495992 0.000000
0.506012 0.000000
0.516032 0.000000
0.526052 0.000000
0.536072 0.000000
0.546092 0.000000
0.556112 0.000000
0.566132 0.000000
0.576152 0.000000
0.586172 0.000000
0.596192 0.000000
0.606212 0.000000
0.616232 0.000000
0.626253 0.000000
0.636273 0.000000
0.646293 0.000000
0.656313 0.000000
0.666333 0.000000
0.676353 0.000000
0.686373 0.000000
0.696393 0.000000
0.706413 0.000000
0.716433 0.000000
0.726453 0.000000
0.736473 0.000000
0.746493 0.000000
0.756513 0.000000
0.766533 0.000000
0.776553 0.000000
0.786573 0.000000
0.796593 0.000000
0.806613 0.000000
0.816633 0.000000
0.826653 0.000000
0.836673 0.000000
0.846693 0.000000
0.856713 0.000000
0.866733 0.000000
0.876754 0.000000
0.886774 0.000000
0.896794 0.000000
0.906814 0.000000
0.916834 0.000000
0.926854 0.000000
0.936874 0.000000
0.946894 0.000000
0.956914 0.000000
0.966934 0.000000
0.976954 0.000000
0.986974 0.000000
0.996994 0.267127
1.007014 1.337997
1.017034 1.400659
1.027054 1.380294
1.037074 1.349831
1.047094 1.338646
1.057114 1.337349
1.067134 1.337558
1.077154 1.305001
1.087174 1.311919
1.097194 1.320533
1.107214 1.318450
1.117234 1.321316
1.127255 1.303797
1.137275 1.300364
1.147295 1.296018
1.157315 1.287247
1.167335 1.283686
1.177355 1.250172
1.187375 1.265075
1.197395 1.252663
1.207415 1.247736
1.217435 1.241209
1.227455 1.241570
1.237475 1.226294
1.247495 1.217115
1.257515 1.222872
1.267535 1.208913
1.277555 1.199941
1.287575 1.191939
1.297595 1.194631
1.307615 1.199664
1.317635 1.189306
1.327655 1.202428
1.337675 1.185149
1.347695 1.195795
1.357715 1.193374
1.367735 1.182965
1.377756 1.155025
1.387776 1.163672
1.397796 1.165076
1.407816 1.131122
1.417836 1.160086
1.427856 1.146637
1.437876 1.134928
1.447896 1.145410
1.457916 1.150581
1.467936 1.146212
1.477956 1.139227
1.487976 1.109683
1.497996 1.127805
1.508016 1.115008
1.518036 1.127097
1.528056 1.114960
1.538076 1.115163
1.548096 1.108696
1.558116 1.095896
1.568136 1.100842
1.578156 1.109202
1.588176 1.092485
1.598196 1.101345
1.608216 1.079767
1.618236 1.075725
1.628257 1.074616
1.638277 1.067959
1.648297 1.074357
1.658317 1.072576
1.668337 1.081713
1.678357 1.055974
1.688377 1.050588
1.698397 1.059118
1.708417 1.038129
1.718437 1.033672
1.728457 1.057861
1.738477 1.042403
1.748497 1.025075
1.758517 1.032243
1.768537 1.031941
1.778557 1.032480
1.788577 1.044711
1.798597 0.990834
1.808617 1.023315
1.818637 1.026216
1.828657 1.004498
1.838677 1.020897
1.848697 1.003292
1.858717 1.007539
1.868737 1.018981
1.878758 0.987759
1.888778 1.000612
1.898798 0.991879
1.908818 1.000021
1.918838 1.004491
1.928858 0.983749
1.938878 0.988257
1.948898 1.002525
1.958918 0.979453
1.968938 0.978152
1.978958 1.000359
1.988978 0.992678
1.998998 0.985121
2.009018 1.009507
2.019038 0.994456
2.029058 0.975499
2.039078 0.995970
2.049098 0.979346
2.059118 0.986186
2.069138 0.995702
2.079158 1.005998
2.089178 1.007427
2.099198 1.018986
2.109218 0.996973
2.119238 1.015757
2.129259 1.016261
2.139279 1.005068
2.149299 1.024589
2.159319 1.006980
2.169339 1.013560
2.179359 1.002627
2.189379 1.026793
2.199399 1.017359
2.209419 1.005611
2.219439 1.017369
2.229459 1.016947
2.239479 1.014099
2.249499 1.009562
2.259519 1.020415
2.269539 1.006916
2.279559 1.012770
2.289579 1.001088
2.299599 1.024729
2.309619 1.021270
2.319639 1.014032
2.329659 1.013782
2.339679 1.001491
2.349699 1.015108
2.359719 1.011507
2.369739 1.026439
2.379760 1.011996
2.389780 1.022890
2.399800 1.024102
2.409820 1.024069
2.419840 1.016793
2.429860 1.031945
2.439880 1.039217
2.449900 1.018114
2.459920 1.036686
2.469940 1.029073
2.479960 1.035471
2.489980 1.034310
2.500000 1.034609
2.510020 1.017513
2.520040 1.033873
2.530060 1.028106
2.540080 1.042538
2.550100 1.035962
2.560120 1.019866
2.570140 1.023705
2.580160 1.028073
2.590180 1.025101
2.600200 1.017628
2.610220 1.021542
2.620240 1.014636
2.630261 1.007748
2.640281 1.018875
2.650301 1.011549
2.660321 1.021511
2.670341 1.018862
2.680361 1.020535
2.690381 1.008836
2.700401 1.037152
2.710421 1.013539
2.720441 1.019770
2.730461 1.018565
2.740481 1.031637
2.750501 1.024447
2.760521 1.028022
2.770541 1.028164
2.780561 1.028188
2.790581 1.035242
2.800601 1.023072
2.810621 1.029863
2.820641 1.045177
2.830661 1.041674
2.840681 1.023531
2.850701 1.023310
2.860721 1.029493
2.870741 1.028022
2.880762 1.034340
2.890782 1.032250
2.900802 1.041139
2.910822 1.041213
2.920842 1.014559
2.930862 1.039931
2.940882 1.021432
2.950902 1.035878
2.960922 1.023438
2.970942 1.028375
2.980962 1.021284
2.990982 1.027718
3.001002 1.029275
3.011022 1.024676
3.021042 1.037776
3.031062 1.018868
3.041082 1.012927
3.051102 1.014386
3.061122 1.015333
3.071142 1.017849
3.081162 1.013453
3.091182 1.015778
3.101202 1.013635
3.111222 1.020413
3.121242 1.010941
3.131263 1.021233
3.141283 1.003737
3.151303 1.014266
3.161323 1.024009
3.171343 1.011083
3.181363 1.021885
3.191383 1.022275
3.201403 1.016926
3.211423 1.024249
3.221443 1.008478
3.231463 1.000444
3.241483 1.029482
3.251503 1.025480
3.261523 1.038609
3.271543 1.007502
3.281563 1.029065
3.291583 1.021567
3.301603 1.020269
3.311623 1.010682
3.321643 1.015682
3.331663 1.016228
3.341683 1.015087
3.351703 1.016755
3.361723 1.023157
3.371743 1.012063
3.381764 1.010604
3.391784 1.004932
3.401804 1.007794
3.411824 1.014783
3.421844 1.002395
3.431864 1.007949
3.441884 1.011769
3.451904 1.005505
3.461924 1.019920
3.471944 1.015999
3.481964 1.004957
3.491984 1.026972
3.502004 1.013598
3.512024 1.006139
3.522044 1.011804
3.532064 1.013488
3.542084 1.008902
3.552104 1.009367
3.562124 1.013054
3.572144 1.006555
3.582164 1.007478
3.592184 1.015501
3.602204 1.024100
3.612224 1.021851
3.622244 1.014403
3.632265 1.013525
3.642285 1.028493
3.652305 1.016404
3.662325 1.019501
3.672345 1.018315
3.682365 1.020582
3.692385 1.012523
3.702405 1.032187
3.712425 1.020484
3.722445 1.012478
3.732465 1.018754
3.742485 1.036389
3.752505 1.015011
3.762525 1.027433
3.772545 1.023731
3.782565 1.039568
3.792585 1.029710
3.802605 1.033551
3.812625 1.023054
3.822645 1.022708
3.832665 1.020349
3.842685 1.018270
3.852705 1.037947
3.862725 1.022580
3.872745 1.026682
3.882766 1.022080
3.892786 1.024000
3.902806 1.035202
3.912826 1.041333
3.922846 1.019591
3.932866 1.029666
3.942886 1.028276
3.952906 1.022694
3.962926 1.031383
3.972946 1.020426
3.982966 1.030524
3.992986 1.031350
4.003006 1.019709
4.013026 1.022909
4.023046 1.028532
4.033066 1.018253
4.043086 1.028529
4.053106 1.030162
4.063126 1.027289
4.073146 1.019055
4.083166 1.018057
4.093186 1.028185
4.103206 1.027702
4.113226 1.021774
4.123246 1.036284
4.133267 1.017765
4.143287 1.016762
4.153307 1.018776
4.163327 1.026140
4.173347 1.017594
4.183367 1.005176
4.193387 1.014405
4.203407 1.026543
4.213427 1.020737
4.223447 1.017875
4.233467 1.009370
4.243487 1.032154
4.253507 1.009675
4.263527 1.028579
4.273547 1.009021
4.283567 1.018209
4.293587 1.011437
4.303607 1.023980
4.313627 1.017042
4.323647 1.021159
4.333667 1.026726
4.343687 1.002211
4.353707 1.015304
4.363727 1.012312
4.373747 1.011705
4.383768 1.003972
4.393788 1.010625
4.403808 1.006594
4.413828 0.996103
4.423848 1.013385
4.433868 1.005495
4.443888 1.003908
4.453908 1.002015
4.463928 1.004494
4.473948 1.000363
4.483968 1.011369
4.493988 0.997496
4.504008 0.996154
4.514028 1.023144
4.524048 0.993170
4.534068 1.009259
4.544088 1.009479
4.554108 1.004348
4.564128 0.999780
4.574148 1.011170
4.584168 1.013727
4.594188 1.014481
4.604208 1.003720
4.614228 1.004251
4.624248 1.004699
4.634269 1.004112
4.644289 1.018745
4.654309 1.002985
4.664329 1.020538
4.674349 1.004504
4.684369 1.015259
4.694389 1.015499
4.704409 1.010628
4.714429 1.012129
4.724449 1.008545
4.734469 1.013698
4.744489 1.024306
4.754509 1.013884
4.764529 1.020027
4.774549 1.013037
4.784569 1.021906
4.794589 1.027713
4.804609 1.020082
4.814629 1.038259
4.824649 1.012694
4.834669 1.015913
4.844689 1.019954
4.854709 1.028183
4.864729 1.035088
4.874749 1.014790
4.884770 1.023179
4.894790 1.022680
4.904810 1.013007
4.914830 1.016240
4.924850 1.030146
4.934870 1.011208
4.944890 1.019220
4.954910 1.016305
4.964930 1.017831
4.974950 1.024436
4.984970 1.019849
4.994990 1.009146
